62 32 10
67 35 10
84 24 10
69 35 10
84 47 10
83 30 10
76 32 10
77 29 10
71 29 10
83 29 10
69 24 10
62 29 10
69 30 10
70 24 10
71 28 10
80 29 10
71 24 10
77 28 10
76 35 10
71 47 10
70 35 10
80 30 10
91 24 10
91 35 10
69 47 10
67 24 10
65 30 10
87 32 10
84 35 10
76 30 10
80 47 10
70 30 10
69 32 10
62 24 10
65 29 10
62 30 10
77 35 10
65 28 10
77 32 10
91 29 10
84 32 10
83 24 10
65 47 10
67 30 10
80 32 10
87 30 10
65 24 10
80 24 10
87 35 10
84 29 10
83 47 10
77 30 10
67 29 10
91 30 10
70 32 10
67 32 10
69 28 10
70 28 10
87 28 10
62 28 10
67 47 10
69 29 10
77 24 10
83 28 10
71 32 10
76 29 10
80 28 10
76 47 10
76 28 10
67 28 10
83 32 10
91 47 10
87 29 10
65 35 10
80 35 10
84 30 10
70 29 10
62 35 10
65 32 10
71 30 10
77 47 10
76 24 10
83 35 10
87 24 10
62 47 10
91 32 10
87 47 10
71 35 10
84 28 10
70 47 10
91 28 10
